0 318
1 269
2 309
3 245
4 320
5 317
6 319
7 321
8 311
9 308
10 310
11 312
12 253
13 314
14 296
15 306
16 301
17 315
18 313
19 298
20 295
21 297
22 305
23 303
24 300
25 302
26 316
27 299
28 307
29 304
30 328
31 326
32 327
33 329
34 330
35 451
36 452
37 453
38 257
39 323
40 291
41 449
42 227
43 324
44 322
45 293
46 290
47 292
48 448
49 229
50 226
51 228
52 325
53 294
54 450
55 230
56 370
57 368
58 268
59 265
60 267
61 422
62 244
63 241
64 243
65 816
66 251
67 817
68 252
69 819
70 410
71 789
72 259
73 787
74 255
75 788
76 256
77 791
78 399
79 769
80 767
81 768
82 772
83 773
84 834
85 835
86 837
87 400
88 369
89 266
90 423
91 242
92 532
93 254
94 523
95 411
96 612
97 258
98 603
99 401
100 651
101 643
102 465
103 455
104 533
105 882
106 883
107 890
108 852
109 850
110 851
111 896
112 894
113 530
114 893
115 524
116 862
117 520
118 860
119 521
120 861
121 610
122 892
123 604
124 868
125 600
126 867
127 601
128 650
129 644
130 642
131 466
132 464
133 457
134 454
135 456
136 641
137 675
138 509
139 709
140 531
141 693
142 522
143 545
144 611
145 686
146 602
147 571
148 652
149 645
150 467
151 458
152 640
153 637
154 639
155 673
156 508
157 505
158 507
159 707
160 695
161 814
162 692
163 815
164 547
165 818
166 543
167 786
168 544
169 784
170 685
171 785
172 573
173 790
174 569
175 766
176 764
177 765
178 770
179 771
180 832
181 833
182 836
183 570
184 638
185 674
186 506
187 708
188 536
189 694
190 61
191 32
192 31
193 15
194 14
195 59
196 53
197 54
198 57
199 21
200 60
201 56
202 55
203 58
204 23
205 62
206 49
207 50
208 528
209 0
210 1
211 63
212 52
213 51
214 3
215 2
216 72
217 29
218 546
219 30
220 12
221 13
222 152
223 20
224 149
225 24
226 198
227 22
228 195
229 214
230 109
231 102
232 89
233 157
234 213
235 140
236 139
237 615
238 224
239 151
240 166
241 150
242 687
243 165
244 197
245 178
246 196
247 215
248 110
249 104
250 103
251 159
252 212
253 137
254 138
255 225
256 156
257 608
258 572
259 654
260 647
261 469
262 460
263 167
264 153
265 164
266 202
267 179
268 199
269 216
270 111
271 105
272 106
273 158
274 211
275 136
276 135
277 222
278 155
279 162
280 154
281 161
282 201
283 176
284 200
285 217
286 112
287 108
288 107
289 96
290 210
291 133
292 134
293 223
294 94
295 163
296 82
297 160
298 79
299 177
300 66
301 67
302 70
303 99
304 101
305 76
306 75
307 78
308 98
309 92
310 95
311 91
312 81
313 537
314 774
315 750
316 748
317 749
318 822
319 724
320 722
321 723
322 534
323 732
324 529
325 85
326 80
327 84
328 69
329 733
330 68
331 71
332 100
333 88
334 73
335 74
336 77
337 97
338 93
339 525
340 144
341 90
342 141
343 812
344 86
345 190
346 83
347 187
348 218
349 113
350 526
351 114
352 87
353 209
354 206
355 132
356 128
357 127
358 143
359 738
360 174
361 142
362 173
363 189
364 613
365 185
366 188
367 219
368 116
369 115
370 184
371 736
372 208
373 205
374 131
375 125
376 126
377 148
378 609
379 175
380 145
381 172
382 194
383 737
384 605
385 802
386 606
387 653
388 648
389 646
390 470
391 468
392 462
393 459
394 461
395 186
396 191
397 220
398 117
399 118
400 183
401 207
402 204
403 130
404 124
405 123
406 147
407 170
408 146
409 169
410 193
411 181
412 192
413 221
414 120
415 119
416 180
417 19
418 203
419 129
420 121
421 122
422 16
423 171
424 28
425 168
426 25
427 182
428 64
429 45
430 46
431 4
432 5
433 18
434 36
435 35
436 11
437 10
438 17
439 33
440 34
441 8
442 9
443 27
444 40
445 39
446 44
447 43
448 26
449 37
450 38
451 41
452 42
453 65
454 48
455 47
456 7
457 636
458 672
459 504
460 706
461 535
462 689
463 6
464 527
465 540
466 614
467 683
468 607
469 566
470 655
471 649
472 471
473 463
474 635
475 632
476 634
477 670
478 503
479 500
480 502
481 704
482 691
483 859
484 688
485 858
486 542
487 856
488 538
489 857
490 539
491 878
492 682
493 877
494 568
495 875
496 564
497 876
498 886
499 885
500 884
501 841
502 840
503 839
504 838
505 565
506 633
507 671
508 501
509 705
510 415
511 690
512 419
513 541
514 383
515 684
516 387
517 567
518 336
519 341
520 441
521 445
522 416
523 775
524 753
525 751
526 752
527 823
528 727
529 725
530 726
531 412
532 734
533 413
534 735
535 417
536 813
537 384
538 741
539 380
540 739
541 381
542 740
543 385
544 803
545 338
546 335
547 337
548 340
549 342
550 440
551 442
552 444
553 446
554 375
555 379
556 427
557 430
558 414
559 404
560 418
561 408
562 382
563 392
564 386
565 397
566 339
567 343
568 443
569 447
570 374
571 371
572 373
573 376
574 378
575 424
576 426
577 428
578 406
579 730
580 402
581 731
582 403
583 821
584 407
585 747
586 394
587 745
588 390
589 746
590 391
591 793
592 395
593 763
594 762
595 759
596 757
597 758
598 831
599 721
600 720
601 396
602 372
603 377
604 425
605 429
606 698
607 405
608 513
609 409
610 678
611 393
612 593
613 398
614 657
615 665
616 473
617 711
618 699
619 881
620 880
621 879
622 849
623 848
624 847
625 845
626 846
627 696
628 866
629 514
630 865
631 510
632 863
633 511
634 864
635 676
636 871
637 594
638 870
639 590
640 869
641 591
642 656
643 658
644 664
645 475
646 472
647 474
648 710
649 712
650 631
651 623
652 499
653 491
654 697
655 562
656 512
657 555
658 677
659 588
660 592
661 581
662 659
663 666
664 476
665 713
666 630
667 628
668 622
669 620
670 498
671 496
672 490
673 487
674 489
675 728
676 561
677 729
678 557
679 820
680 553
681 744
682 554
683 742
684 587
685 743
686 583
687 792
688 579
689 761
690 760
691 756
692 754
693 755
694 830
695 719
696 718
697 580
698 629
699 621
700 497
701 488
702 702
703 563
704 518
705 556
706 681
707 589
708 598
709 582
710 661
711 668
712 478
713 715
714 703
715 776
716 777
717 780
718 781
719 824
720 825
721 828
722 806
723 700
724 804
725 519
726 805
727 515
728 810
729 516
730 796
731 679
732 794
733 599
734 795
735 595
736 800
737 596
738 660
739 662
740 667
741 480
742 477
743 479
744 714
745 716
746 627
747 619
748 495
749 486
750 701
751 559
752 517
753 550
754 680
755 585
756 597
757 576
758 663
759 669
760 481
761 717
762 626
763 624
764 618
765 616
766 494
767 492
768 485
769 482
770 484
771 895
772 558
773 855
774 552
775 853
776 548
777 854
778 549
779 891
780 584
781 874
782 578
783 872
784 574
785 873
786 887
787 888
788 889
789 844
790 842
791 843
792 897
793 575
794 625
795 617
796 493
797 483
798 249
799 560
800 421
801 551
802 263
803 586
804 389
805 577
806 332
807 286
808 439
809 232
810 250
811 778
812 779
813 782
814 783
815 826
816 827
817 829
818 809
819 246
820 807
821 247
822 808
823 420
824 811
825 264
826 799
827 260
828 797
829 261
830 798
831 388
832 801
833 333
834 331
835 288
836 285
837 287
838 438
839 234
840 231
841 233
842 362
843 274
844 433
845 240
846 248
847 360
848 273
849 270
850 272
851 431
852 239
853 236
854 238
855 361
856 271
857 432
858 237
859 365
860 363
861 364
862 366
863 367
864 434
865 435
866 436
867 437
868 355
869 279
870 346
871 284
872 262
873 353
874 278
875 275
876 277
877 344
878 283
879 280
880 282
881 354
882 276
883 345
884 281
885 358
886 356
887 357
888 359
889 350
890 347
891 349
892 351
893 352
894 334
895 289
896 348
897 235
