0 0
1 225
2 450
3 675
4 900
5 1125
6 1350
7 1575
8 1800
9 10
10 235
11 460
12 685
13 910
14 1135
15 1360
16 1585
17 1810
18 9
19 234
20 459
21 684
22 909
23 1134
24 1359
25 1584
26 1809
27 8
28 233
29 458
30 683
31 908
32 1133
33 1358
34 1583
35 1808
36 7
37 232
38 457
39 682
40 907
41 1132
42 1357
43 1582
44 1807
45 6
46 231
47 456
48 681
49 906
50 1131
51 1356
52 1581
53 1806
54 5
55 230
56 455
57 680
58 905
59 1130
60 1355
61 1580
62 1805
63 4
64 229
65 454
66 679
67 904
68 1129
69 1354
70 1579
71 1804
72 2
73 227
74 452
75 677
76 902
77 1127
78 1352
79 1577
80 1802
81 18
82 243
83 468
84 693
85 918
86 1143
87 1368
88 1593
89 1818
90 86
91 311
92 536
93 761
94 986
95 1211
96 1436
97 1661
98 1886
99 109
100 334
101 559
102 784
103 1009
104 1234
105 1459
106 1684
107 1909
108 132
109 357
110 582
111 807
112 1032
113 1257
114 1482
115 1707
116 1932
117 155
118 380
119 605
120 830
121 1055
122 1280
123 1505
124 1730
125 1955
126 178
127 403
128 628
129 853
130 1078
131 1303
132 1528
133 1753
134 1978
135 201
136 426
137 651
138 876
139 1101
140 1326
141 1551
142 1776
143 2001
144 224
145 449
146 674
147 899
148 1124
149 1349
150 1574
151 1799
152 2024
153 63
154 288
155 513
156 738
157 963
158 1188
159 1413
160 1638
161 1863
162 19
163 244
164 469
165 694
166 919
167 1144
168 1369
169 1594
170 1819
171 85
172 310
173 535
174 760
175 985
176 1210
177 1435
178 1660
179 1885
180 108
181 333
182 558
183 783
184 1008
185 1233
186 1458
187 1683
188 1908
189 131
190 356
191 581
192 806
193 1031
194 1256
195 1481
196 1706
197 1931
198 154
199 379
200 604
201 829
202 1054
203 1279
204 1504
205 1729
206 1954
207 177
208 402
209 627
210 852
211 1077
212 1302
213 1527
214 1752
215 1977
216 200
217 425
218 650
219 875
220 1100
221 1325
222 1550
223 1775
224 2000
225 223
226 448
227 673
228 898
229 1123
230 1348
231 1573
232 1798
233 2023
234 62
235 287
236 512
237 737
238 962
239 1187
240 1412
241 1637
242 1862
243 20
244 245
245 470
246 695
247 920
248 1145
249 1370
250 1595
251 1820
252 84
253 309
254 534
255 759
256 984
257 1209
258 1434
259 1659
260 1884
261 107
262 332
263 557
264 782
265 1007
266 1232
267 1457
268 1682
269 1907
270 130
271 355
272 580
273 805
274 1030
275 1255
276 1480
277 1705
278 1930
279 153
280 378
281 603
282 828
283 1053
284 1278
285 1503
286 1728
287 1953
288 176
289 401
290 626
291 851
292 1076
293 1301
294 1526
295 1751
296 1976
297 199
298 424
299 649
300 874
301 1099
302 1324
303 1549
304 1774
305 1999
306 222
307 447
308 672
309 897
310 1122
311 1347
312 1572
313 1797
314 2022
315 61
316 286
317 511
318 736
319 961
320 1186
321 1411
322 1636
323 1861
324 21
325 246
326 471
327 696
328 921
329 1146
330 1371
331 1596
332 1821
333 83
334 308
335 533
336 758
337 983
338 1208
339 1433
340 1658
341 1883
342 106
343 331
344 556
345 781
346 1006
347 1231
348 1456
349 1681
350 1906
351 129
352 354
353 579
354 804
355 1029
356 1254
357 1479
358 1704
359 1929
360 152
361 377
362 602
363 827
364 1052
365 1277
366 1502
367 1727
368 1952
369 175
370 400
371 625
372 850
373 1075
374 1300
375 1525
376 1750
377 1975
378 198
379 423
380 648
381 873
382 1098
383 1323
384 1548
385 1773
386 1998
387 221
388 446
389 671
390 896
391 1121
392 1346
393 1571
394 1796
395 2021
396 60
397 285
398 510
399 735
400 960
401 1185
402 1410
403 1635
404 1860
405 22
406 247
407 472
408 697
409 922
410 1147
411 1372
412 1597
413 1822
414 82
415 307
416 532
417 757
418 982
419 1207
420 1432
421 1657
422 1882
423 105
424 330
425 555
426 780
427 1005
428 1230
429 1455
430 1680
431 1905
432 128
433 353
434 578
435 803
436 1028
437 1253
438 1478
439 1703
440 1928
441 151
442 376
443 601
444 826
445 1051
446 1276
447 1501
448 1726
449 1951
450 174
451 399
452 624
453 849
454 1074
455 1299
456 1524
457 1749
458 1974
459 197
460 422
461 647
462 872
463 1097
464 1322
465 1547
466 1772
467 1997
468 220
469 445
470 670
471 895
472 1120
473 1345
474 1570
475 1795
476 2020
477 59
478 284
479 509
480 734
481 959
482 1184
483 1409
484 1634
485 1859
486 23
487 248
488 473
489 698
490 923
491 1148
492 1373
493 1598
494 1823
495 81
496 306
497 531
498 756
499 981
500 1206
501 1431
502 1656
503 1881
504 104
505 329
506 554
507 779
508 1004
509 1229
510 1454
511 1679
512 1904
513 127
514 352
515 577
516 802
517 1027
518 1252
519 1477
520 1702
521 1927
522 150
523 375
524 600
525 825
526 1050
527 1275
528 1500
529 1725
530 1950
531 173
532 398
533 623
534 848
535 1073
536 1298
537 1523
538 1748
539 1973
540 196
541 421
542 646
543 871
544 1096
545 1321
546 1546
547 1771
548 1996
549 219
550 444
551 669
552 894
553 1119
554 1344
555 1569
556 1794
557 2019
558 58
559 283
560 508
561 733
562 958
563 1183
564 1408
565 1633
566 1858
567 24
568 249
569 474
570 699
571 924
572 1149
573 1374
574 1599
575 1824
576 80
577 305
578 530
579 755
580 980
581 1205
582 1430
583 1655
584 1880
585 103
586 328
587 553
588 778
589 1003
590 1228
591 1453
592 1678
593 1903
594 126
595 351
596 576
597 801
598 1026
599 1251
600 1476
601 1701
602 1926
603 149
604 374
605 599
606 824
607 1049
608 1274
609 1499
610 1724
611 1949
612 172
613 397
614 622
615 847
616 1072
617 1297
618 1522
619 1747
620 1972
621 195
622 420
623 645
624 870
625 1095
626 1320
627 1545
628 1770
629 1995
630 218
631 443
632 668
633 893
634 1118
635 1343
636 1568
637 1793
638 2018
639 57
640 282
641 507
642 732
643 957
644 1182
645 1407
646 1632
647 1857
648 25
649 250
650 475
651 700
652 925
653 1150
654 1375
655 1600
656 1825
657 79
658 304
659 529
660 754
661 979
662 1204
663 1429
664 1654
665 1879
666 102
667 327
668 552
669 777
670 1002
671 1227
672 1452
673 1677
674 1902
675 125
676 350
677 575
678 800
679 1025
680 1250
681 1475
682 1700
683 1925
684 148
685 373
686 598
687 823
688 1048
689 1273
690 1498
691 1723
692 1948
693 171
694 396
695 621
696 846
697 1071
698 1296
699 1521
700 1746
701 1971
702 194
703 419
704 644
705 869
706 1094
707 1319
708 1544
709 1769
710 1994
711 217
712 442
713 667
714 892
715 1117
716 1342
717 1567
718 1792
719 2017
720 56
721 281
722 506
723 731
724 956
725 1181
726 1406
727 1631
728 1856
729 26
730 251
731 476
732 701
733 926
734 1151
735 1376
736 1601
737 1826
738 78
739 303
740 528
741 753
742 978
743 1203
744 1428
745 1653
746 1878
747 101
748 326
749 551
750 776
751 1001
752 1226
753 1451
754 1676
755 1901
756 124
757 349
758 574
759 799
760 1024
761 1249
762 1474
763 1699
764 1924
765 147
766 372
767 597
768 822
769 1047
770 1272
771 1497
772 1722
773 1947
774 170
775 395
776 620
777 845
778 1070
779 1295
780 1520
781 1745
782 1970
783 193
784 418
785 643
786 868
787 1093
788 1318
789 1543
790 1768
791 1993
792 216
793 441
794 666
795 891
796 1116
797 1341
798 1566
799 1791
800 2016
801 55
802 280
803 505
804 730
805 955
806 1180
807 1405
808 1630
809 1855
810 27
811 252
812 477
813 702
814 927
815 1152
816 1377
817 1602
818 1827
819 77
820 302
821 527
822 752
823 977
824 1202
825 1427
826 1652
827 1877
828 100
829 325
830 550
831 775
832 1000
833 1225
834 1450
835 1675
836 1900
837 123
838 348
839 573
840 798
841 1023
842 1248
843 1473
844 1698
845 1923
846 146
847 371
848 596
849 821
850 1046
851 1271
852 1496
853 1721
854 1946
855 169
856 394
857 619
858 844
859 1069
860 1294
861 1519
862 1744
863 1969
864 192
865 417
866 642
867 867
868 1092
869 1317
870 1542
871 1767
872 1992
873 215
874 440
875 665
876 890
877 1115
878 1340
879 1565
880 1790
881 2015
882 54
883 279
884 504
885 729
886 954
887 1179
888 1404
889 1629
890 1854
891 28
892 253
893 478
894 703
895 928
896 1153
897 1378
898 1603
899 1828
900 76
901 301
902 526
903 751
904 976
905 1201
906 1426
907 1651
908 1876
909 99
910 324
911 549
912 774
913 999
914 1224
915 1449
916 1674
917 1899
918 122
919 347
920 572
921 797
922 1022
923 1247
924 1472
925 1697
926 1922
927 145
928 370
929 595
930 820
931 1045
932 1270
933 1495
934 1720
935 1945
936 168
937 393
938 618
939 843
940 1068
941 1293
942 1518
943 1743
944 1968
945 191
946 416
947 641
948 866
949 1091
950 1316
951 1541
952 1766
953 1991
954 214
955 439
956 664
957 889
958 1114
959 1339
960 1564
961 1789
962 2014
963 53
964 278
965 503
966 728
967 953
968 1178
969 1403
970 1628
971 1853
972 29
973 254
974 479
975 704
976 929
977 1154
978 1379
979 1604
980 1829
981 75
982 300
983 525
984 750
985 975
986 1200
987 1425
988 1650
989 1875
990 98
991 323
992 548
993 773
994 998
995 1223
996 1448
997 1673
998 1898
999 121
1000 346
1001 571
1002 796
1003 1021
1004 1246
1005 1471
1006 1696
1007 1921
1008 144
1009 369
1010 594
1011 819
1012 1044
1013 1269
1014 1494
1015 1719
1016 1944
1017 167
1018 392
1019 617
1020 842
1021 1067
1022 1292
1023 1517
1024 1742
1025 1967
1026 190
1027 415
1028 640
1029 865
1030 1090
1031 1315
1032 1540
1033 1765
1034 1990
1035 213
1036 438
1037 663
1038 888
1039 1113
1040 1338
1041 1563
1042 1788
1043 2013
1044 52
1045 277
1046 502
1047 727
1048 952
1049 1177
1050 1402
1051 1627
1052 1852
1053 30
1054 255
1055 480
1056 705
1057 930
1058 1155
1059 1380
1060 1605
1061 1830
1062 74
1063 299
1064 524
1065 749
1066 974
1067 1199
1068 1424
1069 1649
1070 1874
1071 97
1072 322
1073 547
1074 772
1075 997
1076 1222
1077 1447
1078 1672
1079 1897
1080 120
1081 345
1082 570
1083 795
1084 1020
1085 1245
1086 1470
1087 1695
1088 1920
1089 143
1090 368
1091 593
1092 818
1093 1043
1094 1268
1095 1493
1096 1718
1097 1943
1098 166
1099 391
1100 616
1101 841
1102 1066
1103 1291
1104 1516
1105 1741
1106 1966
1107 189
1108 414
1109 639
1110 864
1111 1089
1112 1314
1113 1539
1114 1764
1115 1989
1116 212
1117 437
1118 662
1119 887
1120 1112
1121 1337
1122 1562
1123 1787
1124 2012
1125 51
1126 276
1127 501
1128 726
1129 951
1130 1176
1131 1401
1132 1626
1133 1851
1134 31
1135 256
1136 481
1137 706
1138 931
1139 1156
1140 1381
1141 1606
1142 1831
1143 73
1144 298
1145 523
1146 748
1147 973
1148 1198
1149 1423
1150 1648
1151 1873
1152 96
1153 321
1154 546
1155 771
1156 996
1157 1221
1158 1446
1159 1671
1160 1896
1161 119
1162 344
1163 569
1164 794
1165 1019
1166 1244
1167 1469
1168 1694
1169 1919
1170 142
1171 367
1172 592
1173 817
1174 1042
1175 1267
1176 1492
1177 1717
1178 1942
1179 165
1180 390
1181 615
1182 840
1183 1065
1184 1290
1185 1515
1186 1740
1187 1965
1188 188
1189 413
1190 638
1191 863
1192 1088
1193 1313
1194 1538
1195 1763
1196 1988
1197 211
1198 436
1199 661
1200 886
1201 1111
1202 1336
1203 1561
1204 1786
1205 2011
1206 50
1207 275
1208 500
1209 725
1210 950
1211 1175
1212 1400
1213 1625
1214 1850
1215 32
1216 257
1217 482
1218 707
1219 932
1220 1157
1221 1382
1222 1607
1223 1832
1224 72
1225 297
1226 522
1227 747
1228 972
1229 1197
1230 1422
1231 1647
1232 1872
1233 95
1234 320
1235 545
1236 770
1237 995
1238 1220
1239 1445
1240 1670
1241 1895
1242 118
1243 343
1244 568
1245 793
1246 1018
1247 1243
1248 1468
1249 1693
1250 1918
1251 141
1252 366
1253 591
1254 816
1255 1041
1256 1266
1257 1491
1258 1716
1259 1941
1260 164
1261 389
1262 614
1263 839
1264 1064
1265 1289
1266 1514
1267 1739
1268 1964
1269 187
1270 412
1271 637
1272 862
1273 1087
1274 1312
1275 1537
1276 1762
1277 1987
1278 210
1279 435
1280 660
1281 885
1282 1110
1283 1335
1284 1560
1285 1785
1286 2010
1287 49
1288 274
1289 499
1290 724
1291 949
1292 1174
1293 1399
1294 1624
1295 1849
1296 33
1297 258
1298 483
1299 708
1300 933
1301 1158
1302 1383
1303 1608
1304 1833
1305 71
1306 296
1307 521
1308 746
1309 971
1310 1196
1311 1421
1312 1646
1313 1871
1314 94
1315 319
1316 544
1317 769
1318 994
1319 1219
1320 1444
1321 1669
1322 1894
1323 117
1324 342
1325 567
1326 792
1327 1017
1328 1242
1329 1467
1330 1692
1331 1917
1332 140
1333 365
1334 590
1335 815
1336 1040
1337 1265
1338 1490
1339 1715
1340 1940
1341 163
1342 388
1343 613
1344 838
1345 1063
1346 1288
1347 1513
1348 1738
1349 1963
1350 186
1351 411
1352 636
1353 861
1354 1086
1355 1311
1356 1536
1357 1761
1358 1986
1359 209
1360 434
1361 659
1362 884
1363 1109
1364 1334
1365 1559
1366 1784
1367 2009
1368 48
1369 273
1370 498
1371 723
1372 948
1373 1173
1374 1398
1375 1623
1376 1848
1377 34
1378 259
1379 484
1380 709
1381 934
1382 1159
1383 1384
1384 1609
1385 1834
1386 70
1387 295
1388 520
1389 745
1390 970
1391 1195
1392 1420
1393 1645
1394 1870
1395 93
1396 318
1397 543
1398 768
1399 993
1400 1218
1401 1443
1402 1668
1403 1893
1404 116
1405 341
1406 566
1407 791
1408 1016
1409 1241
1410 1466
1411 1691
1412 1916
1413 139
1414 364
1415 589
1416 814
1417 1039
1418 1264
1419 1489
1420 1714
1421 1939
1422 162
1423 387
1424 612
1425 837
1426 1062
1427 1287
1428 1512
1429 1737
1430 1962
1431 185
1432 410
1433 635
1434 860
1435 1085
1436 1310
1437 1535
1438 1760
1439 1985
1440 208
1441 433
1442 658
1443 883
1444 1108
1445 1333
1446 1558
1447 1783
1448 2008
1449 47
1450 272
1451 497
1452 722
1453 947
1454 1172
1455 1397
1456 1622
1457 1847
1458 35
1459 260
1460 485
1461 710
1462 935
1463 1160
1464 1385
1465 1610
1466 1835
1467 69
1468 294
1469 519
1470 744
1471 969
1472 1194
1473 1419
1474 1644
1475 1869
1476 92
1477 317
1478 542
1479 767
1480 992
1481 1217
1482 1442
1483 1667
1484 1892
1485 115
1486 340
1487 565
1488 790
1489 1015
1490 1240
1491 1465
1492 1690
1493 1915
1494 138
1495 363
1496 588
1497 813
1498 1038
1499 1263
1500 1488
1501 1713
1502 1938
1503 161
1504 386
1505 611
1506 836
1507 1061
1508 1286
1509 1511
1510 1736
1511 1961
1512 184
1513 409
1514 634
1515 859
1516 1084
1517 1309
1518 1534
1519 1759
1520 1984
1521 207
1522 432
1523 657
1524 882
1525 1107
1526 1332
1527 1557
1528 1782
1529 2007
1530 46
1531 271
1532 496
1533 721
1534 946
1535 1171
1536 1396
1537 1621
1538 1846
1539 36
1540 261
1541 486
1542 711
1543 936
1544 1161
1545 1386
1546 1611
1547 1836
1548 68
1549 293
1550 518
1551 743
1552 968
1553 1193
1554 1418
1555 1643
1556 1868
1557 91
1558 316
1559 541
1560 766
1561 991
1562 1216
1563 1441
1564 1666
1565 1891
1566 114
1567 339
1568 564
1569 789
1570 1014
1571 1239
1572 1464
1573 1689
1574 1914
1575 137
1576 362
1577 587
1578 812
1579 1037
1580 1262
1581 1487
1582 1712
1583 1937
1584 160
1585 385
1586 610
1587 835
1588 1060
1589 1285
1590 1510
1591 1735
1592 1960
1593 183
1594 408
1595 633
1596 858
1597 1083
1598 1308
1599 1533
1600 1758
1601 1983
1602 206
1603 431
1604 656
1605 881
1606 1106
1607 1331
1608 1556
1609 1781
1610 2006
1611 45
1612 270
1613 495
1614 720
1615 945
1616 1170
1617 1395
1618 1620
1619 1845
1620 37
1621 262
1622 487
1623 712
1624 937
1625 1162
1626 1387
1627 1612
1628 1837
1629 67
1630 292
1631 517
1632 742
1633 967
1634 1192
1635 1417
1636 1642
1637 1867
1638 90
1639 315
1640 540
1641 765
1642 990
1643 1215
1644 1440
1645 1665
1646 1890
1647 113
1648 338
1649 563
1650 788
1651 1013
1652 1238
1653 1463
1654 1688
1655 1913
1656 136
1657 361
1658 586
1659 811
1660 1036
1661 1261
1662 1486
1663 1711
1664 1936
1665 159
1666 384
1667 609
1668 834
1669 1059
1670 1284
1671 1509
1672 1734
1673 1959
1674 182
1675 407
1676 632
1677 857
1678 1082
1679 1307
1680 1532
1681 1757
1682 1982
1683 205
1684 430
1685 655
1686 880
1687 1105
1688 1330
1689 1555
1690 1780
1691 2005
1692 44
1693 269
1694 494
1695 719
1696 944
1697 1169
1698 1394
1699 1619
1700 1844
1701 38
1702 263
1703 488
1704 713
1705 938
1706 1163
1707 1388
1708 1613
1709 1838
1710 66
1711 291
1712 516
1713 741
1714 966
1715 1191
1716 1416
1717 1641
1718 1866
1719 89
1720 314
1721 539
1722 764
1723 989
1724 1214
1725 1439
1726 1664
1727 1889
1728 112
1729 337
1730 562
1731 787
1732 1012
1733 1237
1734 1462
1735 1687
1736 1912
1737 135
1738 360
1739 585
1740 810
1741 1035
1742 1260
1743 1485
1744 1710
1745 1935
1746 158
1747 383
1748 608
1749 833
1750 1058
1751 1283
1752 1508
1753 1733
1754 1958
1755 181
1756 406
1757 631
1758 856
1759 1081
1760 1306
1761 1531
1762 1756
1763 1981
1764 204
1765 429
1766 654
1767 879
1768 1104
1769 1329
1770 1554
1771 1779
1772 2004
1773 43
1774 268
1775 493
1776 718
1777 943
1778 1168
1779 1393
1780 1618
1781 1843
1782 39
1783 264
1784 489
1785 714
1786 939
1787 1164
1788 1389
1789 1614
1790 1839
1791 65
1792 290
1793 515
1794 740
1795 965
1796 1190
1797 1415
1798 1640
1799 1865
1800 88
1801 313
1802 538
1803 763
1804 988
1805 1213
1806 1438
1807 1663
1808 1888
1809 111
1810 336
1811 561
1812 786
1813 1011
1814 1236
1815 1461
1816 1686
1817 1911
1818 134
1819 359
1820 584
1821 809
1822 1034
1823 1259
1824 1484
1825 1709
1826 1934
1827 157
1828 382
1829 607
1830 832
1831 1057
1832 1282
1833 1507
1834 1732
1835 1957
1836 180
1837 405
1838 630
1839 855
1840 1080
1841 1305
1842 1530
1843 1755
1844 1980
1845 203
1846 428
1847 653
1848 878
1849 1103
1850 1328
1851 1553
1852 1778
1853 2003
1854 42
1855 267
1856 492
1857 717
1858 942
1859 1167
1860 1392
1861 1617
1862 1842
1863 40
1864 265
1865 490
1866 715
1867 940
1868 1165
1869 1390
1870 1615
1871 1840
1872 64
1873 289
1874 514
1875 739
1876 964
1877 1189
1878 1414
1879 1639
1880 1864
1881 87
1882 312
1883 537
1884 762
1885 987
1886 1212
1887 1437
1888 1662
1889 1887
1890 110
1891 335
1892 560
1893 785
1894 1010
1895 1235
1896 1460
1897 1685
1898 1910
1899 133
1900 358
1901 583
1902 808
1903 1033
1904 1258
1905 1483
1906 1708
1907 1933
1908 156
1909 381
1910 606
1911 831
1912 1056
1913 1281
1914 1506
1915 1731
1916 1956
1917 179
1918 404
1919 629
1920 854
1921 1079
1922 1304
1923 1529
1924 1754
1925 1979
1926 202
1927 427
1928 652
1929 877
1930 1102
1931 1327
1932 1552
1933 1777
1934 2002
1935 41
1936 266
1937 491
1938 716
1939 941
1940 1166
1941 1391
1942 1616
1943 1841
1944 1
1945 226
1946 451
1947 676
1948 901
1949 1126
1950 1351
1951 1576
1952 1801
1953 11
1954 236
1955 461
1956 686
1957 911
1958 1136
1959 1361
1960 1586
1961 1811
1962 12
1963 237
1964 462
1965 687
1966 912
1967 1137
1968 1362
1969 1587
1970 1812
1971 13
1972 238
1973 463
1974 688
1975 913
1976 1138
1977 1363
1978 1588
1979 1813
1980 14
1981 239
1982 464
1983 689
1984 914
1985 1139
1986 1364
1987 1589
1988 1814
1989 15
1990 240
1991 465
1992 690
1993 915
1994 1140
1995 1365
1996 1590
1997 1815
1998 16
1999 241
2000 466
2001 691
2002 916
2003 1141
2004 1366
2005 1591
2006 1816
2007 17
2008 242
2009 467
2010 692
2011 917
2012 1142
2013 1367
2014 1592
2015 1817
2016 3
2017 228
2018 453
2019 678
2020 903
2021 1128
2022 1353
2023 1578
2024 1803
